
0
0.000000
3 1700 0
3 2017 0
2 2417 0
1 2734 0
1 3017 0
0 3434 366
3 3884 350
2 4301 400
1 4485 0
1 4718 0
0 5135 333
3 5535 300
2 6035 366
1 6185 0
1 6435 0
0 6919 417
3 7320 350
2 7787 416
3 7953 0
3 8170 0
0 8687 433
1 9037 0
2 9520 383
3 9687 0
3 9887 0
1 10404 433
3 10771 0
1 11237 333
0 11404 0
0 11588 0
3 12105 416
2 12521 366
3 13005 383
1 13189 0
1 13389 0
3 13822 350
0 14272 366
3 14772 449
0 15005 0
1 15522 0
3 15939 300
1 16356 0
2 16806 316
3 17239 333
0 17623 0
1 18140 300
3 18423 0
3 18606 0
1 19040 333
2 19490 333
3 19957 333
0 20291 0
1 20807 333
2 21207 333
3 21657 383
0 21857 0
0 22091 0
2 22341 0
3 22924 316
1 23324 0
3 23808 333
1 24275 316
3 24675 0
2 25175 333
1 25342 0
1 25542 0
0 25975 316
3 26509 400
2 26925 366
3 27425 416
2 27759 316
1 28175 366
3 28409 0
1 28509 0
3 28692 0
1 28775 0
3 28992 0
1 29109 0
2 29325 0
3 29442 0
3 29709 0
2 29892 0
1 30275 333
0 30509 0
1 30676 0
2 31209 366
3 31593 316
0 31759 0
0 32026 0
1 32343 0
2 32493 0
3 32726 0
2 32876 0
1 33143 0
0 33343 0
1 33843 450
2 34010 0
2 34210 0
3 34476 0
3 34660 0
0 34893 0
0 35093 0
1 35276 0
1 35510 0
2 35760 0
3 35960 0
2 36143 0
1 36293 0
1 36560 0
0 36777 0
3 37277 383
2 37644 0
1 38078 333
0 38494 316
3 38761 0
3 38994 0
2 39261 0
3 39461 0
2 39661 0
1 39878 0
0 40028 0
3 40278 0
2 40528 0
2 40945 0
1 41445 0
0 41828 0
0 42329 0
3 42662 0
2 43012 0
1 43379 0
3 43745 0
1 44179 0
3 44479 0
0 44963 0
3 45463 0
2 45797 0
2 45963 0
1 46214 0
0 46431 0
3 46647 0
2 46947 0
1 47164 0
2 47364 0
3 47597 0
0 47898 0
0 48131 0
3 48415 0
2 48798 0
1 49248 0
0 49582 0
3 49798 0
2 49998 0
2 50248 0
1 50499 0
2 50732 0
3 51049 0
0 51366 0
0 51583 0
2 52083 383
0 52516 316
3 52717 0
3 52950 0
1 53350 0
3 53683 0
2 53867 0
3 54100 0
2 54284 0
3 54700 333
0 54917 0
0 55134 0
2 55517 333
0 55918 0
1 56401 300
2 56801 316
3 57001 0
3 57201 0
1 57501 0
3 58018 0
0 58235 0
0 58435 0
3 58685 0
2 58852 0
1 59102 0
2 59285 0
1 59686 333
0 60069 450
3 60169 0
3 60402 0
2 60602 0
1 60785 0
2 61019 0
3 61203 0
2 61686 383
1 61819 0
1 62053 0
0 62303 0
3 62519 0
0 62686 0
1 62920 0
2 63220 0
1 63553 0
1 63854 0
0 64304 416
3 64737 399
2 65154 367
1 65338 0
1 65604 0
0 66071 416
1 66521 450
2 66905 383
3 67038 0
3 67305 0
0 67772 433
1 68222 500
2 68589 366
1 68772 0
1 69005 0
0 69239 0
3 69472 0
2 69639 0
1 69906 0
0 70156 0
3 70506 0
3 70789 0
2 71273 433
1 71673 383
0 72106 416
3 72273 0
3 72523 0
2 72756 0
1 72973 0
0 73173 0
3 73440 0
2 73690 0
2 74040 0
2 74257 0
1 74474 0
2 74657 0
1 74941 0
2 75141 0
1 75374 0
3 75741 0
3 75974 0
0 76207 0
3 76424 0
0 76591 0
1 76841 0
2 77024 0
3 77541 0
2 77725 0
1 77925 0
0 78125 0
3 78308 0
3 78525 0
2 79075 416
3 79342 0
0 79508 0
1 79709 0
2 79875 0
3 80125 0
0 80275 0
1 80575 0
2 80942 0
2 81225 0
3 81459 0
2 81625 0
3 81842 0
2 82075 0
1 82459 383
0 82609 0
0 82876 0
3 83309 416
2 83792 450
1 84226 366
0 84509 0
0 84676 0
3 84959 0
2 85209 0
1 85409 0
0 85576 0
3 85976 0
2 86276 0
2 86476 0
1 86743 0
2 86893 0
3 87143 0
0 87309 0
3 87810 400
2 87960 0
2 88176 0
3 88443 0
2 88593 0
1 88860 0
0 89043 0
3 89460 316
2 89660 0
2 89843 0
2 90077 0
3 90360 0
2 90560 0
3 90843 0
2 91243 383
0 91427 0
0 91644 0
3 92160 416
0 92577 367
1 93011 383
2 93211 0
2 93394 0
1 93878 400
0 94261 350
3 94778 416
2 94945 0
2 95128 0
1 95612 366
0 95996 333
1 96512 400
0 96762 0
0 96979 0
3 97446 416
2 97795 333
3 98212 366
1 98412 0
1 98646 0
0 99112 400
3 99479 0
2 99962 383
3 100129 0
3 100363 0
2 100780 383
1 101230 383
0 101697 383
1 101880 0
1 102147 0
2 102531 366
1 103097 483
2 103514 399
3 103697 0
3 104014 0
0 104498 416
3 104881 316
2 105348 350
1 105598 0
1 105848 0
0 106281 300
3 106715 367
2 106982 0
1 107149 0
1 107349 0
2 107615 0
3 107865 0
2 108082 0
1 108299 0
0 108565 0
3 108849 0
3 109083 0
2 109283 0
3 109533 0
0 109683 0
1 109899 0
2 110250 0
2 110567 0
3 110751 0
2 111185 383
3 111552 0
0 112085 416
1 112419 333
2 112635 0
3 112785 0
2 112869 0
3 113035 0
0 113335 0
1 113502 0
2 113819 0
3 113986 0
2 114086 0
1 114336 0
0 114603 0
0 114853 0
3 115186 0
2 115453 0
1 115803 0
0 116187 0
3 116570 0
3 116837 0
2 117087 0
1 117404 0
1 117721 0
0 118187 333
3 118404 0
3 118671 0
2 119072 350
1 119455 333
0 119855 316
3 120055 0
3 120322 0
2 120722 350
1 120939 0
1 121222 0
0 121639 349
3 121905 0
3 122172 0
2 122556 366
1 122939 333
0 123339 350
3 123523 0
3 123789 0
2 124056 0
1 124423 383
0 124573 0
0 124839 0
1 125256 366
2 125590 316
3 125756 0
0 125873 0
1 125989 0
2 126139 0
3 126273 0
0 126423 0
1 126639 0
2 126823 0
2 127190 0
3 127390 0
0 127573 0
1 127856 0
1 128123 0
2 128557 366
3 129024 400
0 129141 0
0 129357 0
1 129591 0
2 129741 0
3 129974 0
2 130141 0
1 130374 0
0 130541 0
3 130791 0
0 131057 0
1 131341 0
1 131608 0
0 131891 0
1 132125 0
0 132291 0
3 132608 0
2 132808 0
1 133042 0
0 133192 0
3 133475 0
2 133742 0
2 133908 0
1 134208 0
0 134659 416
3 134892 0
3 135159 0
2 135693 433
1 136059 333
0 136193 0
0 136410 0
1 136910 399
0 137293 350
3 137660 0
2 138160 399
1 138310 0
1 138543 0
0 139027 383
3 139443 0
2 139727 0
2 140310 366
3 140543 0
0 140710 0
1 140927 0
2 141110 0
1 141677 466
2 141877 0
2 142093 0
3 142594 416
2 143060 433
1 143177 0
1 143427 0
0 143910 433
3 144310 366
0 144544 0
0 144727 0
0 145210 416
1 145327 0
1 145594 0
2 145994 366
3 146344 316
2 146811 366
1 146960 0
1 147161 0
0 147794 533
3 147961 450
2 148661 416
1 148827 0
1 149044 0
0 149527 400
3 149928 333
2 150128 0
2 150361 0
1 150561 0
0 150711 0
3 151011 0
2 151178 0
2 151395 0
3 151662 0
0 152129 434
1 152246 0
1 152496 0
2 152996 466
1 153496 466
2 153846 333
3 154263 383
0 154547 0
0 154814 0
3 155047 0
2 155264 0
1 155447 0
1 155864 0
2 156047 0
1 156281 0
2 156464 0
3 156647 0
3 156864 0
1 157214 0
1 157498 0
1 157665 0
3 158131 333
1 158481 0
0 158965 300
3 159215 0
3 159449 0
2 159866 350
3 160199 0
1 160666 317
3 160933 0
3 161166 0
0 161650 417
1 162051 350
2 162468 350
1 162668 0
1 162902 0
2 163352 383
3 163852 433
0 164252 383
1 164452 0
1 164669 0
2 165136 400
3 165536 366
2 165986 416
1 166136 0
1 166370 0
0 166820 383
3 167303 450
2 167687 383
1 167853 0
1 168053 0
2 168521 417
3 169021 483
0 169421 383
1 169621 0
1 169821 0
2 170372 433
3 170872 483
1 171355 0
3 171672 0
2 172056 300
1 172389 0
2 172789 0
0 172889 2017
3 173123 0
3 173356 0
2 173973 583
1 174373 466
2 174740 400
3 174857 0
3 175073 0
0 175607 450
1 175857 0
2 176424 483
3 176591 0
3 176824 0
0 177324 467
1 177524 0
0 177974 0
0 178357 0
0 178591 0
2 178941 0
0 179441 316
2 179958 350
1 180108 0
1 180375 0
0 180825 350
3 181225 333
2 181758 449
1 181908 0
1 182158 0
0 182675 466
3 183108 449
2 183458 333
2 183742 0
2 183975 0
3 184475 450
2 184892 400
1 185342 383
2 185592 0
2 185826 0
1 186259 366
2 186642 366
3 187059 333
0 187259 0
0 187492 0
3 187976 400
2 188443 416
1 188876 383
0 189076 0
2 189626 0
2 189809 0
3 190009 0
0 190410 366
1 190560 0
1 190776 0
2 191210 366
3 191560 0
1 192110 416
2 192277 0
2 192510 0
1 193044 450
0 193460 400
3 193827 366
2 194011 0
2 194444 0
3 194794 350
0 195194 366
1 195477 0
0 195744 0
0 196077 0
2 196494 383
0 196928 333
2 197328 0
3 197594 0
3 197828 0
0 198278 449
1 198595 0
2 199045 366
3 199245 0
3 199462 0
1 199895 316
0 200362 383
3 200778 333
2 200962 0
2 201229 0
3 201695 400
0 202145 433
1 202529 350
2 202712 0
2 202945 0
1 203479 450
0 203913 416
3 204313 417
2 204463 0
2 204680 0
3 205130 417
0 205597 433
1 206030 400
2 206147 0
2 206397 0
3 206947 500
0 207364 416
1 207764 366
2 207914 0
2 208181 0
3 208647 433
0 209115 450
1 209482 316
2 209748 0
3 210549 533
1 210849 0
0 211282 833
3 211282 316
1 211666 0
3 212032 0
1 212283 0
2 212416 1117
3 212583 0
3 213100 0
3 213400 0
0 213683 0
3 214100 300
1 214233 1600
3 214633 0
3 214933 0
2 214984 816
1 215384 0
1 215650 0
0 215851 866
3 216300 0
3 216517 0
1 216817 0
2 217000 1166
3 217084 0
